Tiempo (s) Serie Nº 1	Posición (m) Serie Nº 1
0.020	0.219
0.040	0.219
0.060	0.219
0.080	0.219
0.100	0.219
0.120	0.219
0.140	0.218
0.160	0.218
0.180	0.219
0.200	0.219
0.220	0.219
0.240	0.219
0.260	0.219
0.280	0.219
0.300	0.219
0.320	0.219
0.340	0.218
0.360	0.218
0.380	0.218
0.400	0.218
0.420	0.218
0.440	0.218
0.460	0.217
0.480	0.217
0.500	0.217
0.520	0.217
0.540	0.217
0.560	0.217
0.580	0.217
0.600	0.217
0.620	0.218
0.640	0.218
0.660	0.217
0.680	0.218
0.700	0.218
0.720	0.218
0.740	0.218
0.760	0.218
0.780	0.218
0.800	0.219
0.820	0.220
0.840	0.223
0.860	0.225
0.880	0.229
0.900	0.233
0.920	0.238
0.940	0.244
0.960	0.250
0.980	0.257
1.000	0.265
1.020	0.274
1.040	0.283
1.060	0.293
1.080	0.303
1.100	0.315
1.120	0.327
1.140	0.339
1.160	0.352
1.180	0.367
1.200	0.379
1.220	0.395
1.240	0.411
1.260	0.428
1.280	0.445
1.300	0.464
1.320	0.483
1.340	0.503
1.360	0.522
1.380	0.543
1.400	0.565
1.420	0.587
1.440	0.610
1.460	0.634
1.480	0.658
1.500	0.683
1.520	0.711
1.540	0.735
1.560	0.762
1.580	0.792
1.600	0.820
1.620	0.849
1.640	0.877
1.660	0.907
1.680	0.939
1.700	0.953
1.720	0.953
1.740	0.964
1.760	0.965
1.780	0.962
1.800	0.960
1.820	0.958
1.840	0.955
1.860	0.959
1.880	0.947
1.900	0.950
1.920	0.945
1.940	0.944
1.960	0.943
1.980	0.943
2.000	0.944
